30265859
20371819
29555429
26995802
29902666
16247114
21855571
20977330
24076207
28893930
25451788
28013055
16971899
16204321
20189314
15772862
26377804
28784793
24151118
20395400
25414863
30760585
20720535
27808542
29223783
21656765
14998902
16115784
17604912
26747839
19931549
28462104
27113096
26377553
22216233
28493755
29340251
28458642
23527508
26996254
30296909
26487403
28544868
21244540
21352887
29305673
27250346
27598534
25309310
27859246
23346064
26379609
30321612
26761427
27539030
25862928
19923040
25570122
26339285
25503895
27708602
28802827
29610316
28674176
30180433
25535886
28196106
28777176
30172213
27908540
30365258
30344415
28169087
30689226
28449894
29496017
26203935
28156168
28332018
29986218
30874451
28420965
29141950
28977444
28592698
23376587
25246026
28360128
27793218
30009381
28514644
30487653
29289962
27003509
29331582
29412982
27216486
29691928
26419234
28735605
28054802
29055714
25047298
26174166
25360124
29057169
21684310
29294674
22331610
23111842
25047304
30367685
26990794
18706767
27575924
29732933
29552751
29778506
24843744
30694221
30123880
21330230
20955863
25499772
30076574
25254619
17888398
27197727
12238739
24733508
27406185
19788771
9850002
29729300
20455126
28863419
21376745
29515476
26004056
24708496
27395806
27375030
26210058
21939773
22178453
23818424
29980493
28985425
27576271
28206795
25462110
22487103
28838469
25969398
27614663
27055095
29607460
28840789
26984688
20334466
23052595
25323301
21166301
18221690
27769744
15152981
23401913
16126287
24311996
18406065
25865143
26719553
25416225
16531360
30239405
19931991
30944226
30041936
23158520
19721817
15961331
17948215
17988749
26564126
30695501
18702704
23730297
18440150
18953995
29304108
22647470
23508038
26434098
28272728
16339018
26369836
30178728
26678871
23127296
21601831
29397080
29382815
28331799
26877129
27208859
28070973
25969398
28066706
23342060